%YAML:1.0
---
calibration_time: "2020年12月10日 星期四 00时56分13秒"
image_width: 1280
image_height: 720
flags: 0
camera_matrix: !!opencv-matrix
   rows: 3
   cols: 3
   dt: d
   data: [ 1.2867634142868087e+03, 0., 6.4341561030027958e+02, 0.,
       1.2863786497092833e+03, 3.4309281174969476e+02, 0., 0., 1. ]
distortion_coefficients: !!opencv-matrix
   rows: 1
   cols: 5
   dt: d
   data: [ 7.4720195617491048e-02, 1.4491591023147761e+00,
       -4.4358871353569317e-03, 2.9026615317421234e-03,
       -5.9766428508006770e+00 ]
avg_reprojection_error: 3.6230357516243089e-01
