%YAML:1.0
---
calibration_time: "2021年01月09日 星期六 21时18分12秒"
image_width: 960
image_height: 540
flags: 0
camera_matrix: !!opencv-matrix
   rows: 3
   cols: 3
   dt: d
   data: [ 9.7332148528411847e+02, 0., 4.9247959455081309e+02, 0.,
       9.6669903977940453e+02, 2.7768573761859204e+02, 0., 0., 1. ]
distortion_coefficients: !!opencv-matrix
   rows: 1
   cols: 5
   dt: d
   data: [ -4.9885016739194471e-01, 2.4280283306427747e-01,
       2.0876700077485746e-03, -4.5852163422596551e-03,
       -3.9355002640080947e-02 ]
avg_reprojection_error: 7.1710609816387816e-01
