%YAML:1.0
---
calibration_time: "Wed 22 Jun 2022 02:29:41 PM CST"
image_width: 640
image_height: 480
flags: 0
camera_matrix: !!opencv-matrix
   rows: 3
   cols: 3
   dt: d
   data: [ 6.9249463070251568e+02, 0., 3.3897064818377254e+02, 0.,
       6.9246255098158565e+02, 2.6142023250611561e+02, 0., 0., 1. ]
distortion_coefficients: !!opencv-matrix
   rows: 1
   cols: 5
   dt: d
   data: [ -4.5908250502476522e-01, 2.4737907120380503e-01,
       -1.1838657098306725e-05, 1.5502852455049009e-03,
       7.1681589751469196e-02 ]
avg_reprojection_error: 3.8700778527397461e-01
digitnum_det_len: 0.2

