cam_width:  640
cam_height: 480
cam_fx:     387.229248046875
cam_fy:     387.229248046875
cam_cx:     321.04638671875
cam_cy:     243.44969177246094
