##相机参数
fx: 614.122935
fy: 612.733836
x0: 365.195614
y0: 236.462074

##畸变参数
k1: -0.421281
k2: 0.1801336
p1: 0.001072
p2: -0.000750
k3: 0.0
