## 相机参数
fx: 614.122935
fy: 612.733836
x0: 365.195614
y0: 236.462074

## 畸变参数
k1: -0.421281
k2: 0.1801336
p1: 0.001072
p2: -0.000750
k3: 0.0

## aruco_det 二维码的边长(默认0.2m)
aruco_det_len: 0.2

## ellipse_det 圆的半径(默认0.2m)
ellipse_det_r: 0.2

## kcf_tracker 目标高度(默认1.7m)
kcf_tracker_h: 1.7

## landpad_det 降落板边长(默认0.6m)，0.6m包括边缘白色部分，黑色部分边长为0.48m
landpad_det_len: 0.6
